"","Clim01","Clim02","Clim03","Clim04","Clim05","Clim06","Clim07","Clim08","Clim09","Clim10","Clim11","Clim12","Clim13","Clim14","Clim15","Clim16","Clim17","Clim18","Clim19","dem","arachide"
"1",271,160,65,1891,387,143,244,277,267,291,241,535,192,0,145,455,0,36,2,30,200
"2",273,157,64,2063,391,146,245,278,270,295,241,445,153,0,141,377,1,30,3,57,200
"3",252,125,69,1862,328,147,181,272,235,272,227,370,139,0,157,328,0,292,2,49,375
"4",256,132,70,1802,334,146,188,273,240,274,230,377,142,0,153,333,0,224,2,44,67
"5",272,160,66,1892,386,145,241,280,267,292,242,530,192,0,145,456,0,145,2,27,133
"6",275,159,67,1798,385,149,236,284,270,294,247,556,201,0,147,480,0,145,2,20,500
"7",273,161,66,1830,388,146,242,279,269,292,244,551,192,0,145,469,0,36,2,39,40
"8",265,151,69,1626,360,143,217,276,256,280,239,547,212,0,154,481,0,129,1,17,100
"9",261,141,70,1625,345,144,201,273,240,276,235,495,191,0,153,437,0,305,0,35,400
"10",271,154,66,1731,377,147,230,278,268,288,244,590,209,0,145,506,0,160,2,17,800
"11",271,154,64,2055,385,147,238,278,282,293,239,409,141,0,141,347,1,110,4,45,145
"12",269,158,66,1882,380,144,236,277,264,289,240,500,182,0,148,432,0,136,2,36,167
"13",269,152,64,2041,380,146,234,278,279,291,237,398,137,0,142,337,1,102,4,45,200
"14",275,159,64,1996,395,147,248,278,275,299,245,477,157,0,141,398,0,32,3,34,250
"15",263,145,70,1682,351,144,207,275,252,278,236,490,184,0,153,428,0,296,2,26,150
"16",255,129,68,1762,334,147,187,272,240,273,230,398,148,0,152,351,0,232,2,42,225
"17",260,141,70,1589,344,145,199,273,241,276,236,491,189,0,156,434,0,301,0,39,500
"18",274,142,66,1459,371,159,212,278,273,288,251,690,245,0,143,581,0,53,2,26,450
"19",276,159,67,1812,385,148,237,284,270,294,248,552,201,0,147,477,0,142,2,17,450
"20",284,157,61,2305,406,152,254,289,283,311,250,450,148,0,139,374,0,31,1,34,111
"21",283,157,62,2189,404,154,250,289,280,308,250,429,141,0,141,358,1,28,3,48,250
"22",270,158,67,1844,379,144,235,279,264,289,241,509,185,0,147,440,0,135,2,40,300
"23",254,129,67,1966,334,144,190,274,229,274,227,369,140,0,156,326,0,289,0,40,340
"24",272,160,65,1918,390,145,245,276,271,293,242,507,174,0,141,426,0,36,2,34,400
"25",284,157,63,2199,403,155,248,291,296,307,250,417,139,0,142,349,1,26,3,15,0
"26",284,157,63,2253,404,155,249,292,297,309,250,413,136,0,139,344,1,26,3,15,440
"27",275,160,66,1874,388,148,240,283,271,295,246,537,192,0,147,462,0,145,2,22,40
"28",265,153,69,1673,363,142,221,276,257,281,239,541,208,0,152,474,0,128,1,24,1000
"29",265,147,69,1624,357,145,212,276,266,280,239,559,218,0,154,491,0,131,2,20,100
"30",256,133,70,1799,335,145,190,273,240,273,229,383,144,0,155,337,0,228,2,43,200
"31",275,159,66,1793,387,148,239,282,272,294,247,566,194,0,143,483,0,159,2,26,150
"32",274,145,67,1489,371,156,215,278,271,288,250,636,232,0,145,544,0,175,2,9,450
"33",260,142,69,1768,347,144,203,274,248,276,232,434,163,0,147,372,1,264,3,43,533
"34",277,160,66,1873,390,149,241,286,272,297,249,549,195,0,147,472,0,147,2,17,325
"35",263,146,70,1607,352,144,208,275,243,278,238,540,213,0,153,475,1,337,1,23,240
"36",251,121,67,1963,327,147,180,272,232,273,225,358,135,0,157,316,0,283,2,43,300
"37",276,159,66,1766,389,149,240,281,273,294,248,574,191,0,144,487,0,38,2,34,500
"38",274,157,66,1747,383,148,235,280,269,291,246,574,203,0,147,493,0,155,2,17,200
"39",277,160,66,1873,390,149,241,286,272,297,249,549,195,0,147,472,0,147,2,17,800
"40",272,135,68,1289,360,162,198,277,270,282,251,729,262,0,145,617,0,212,2,38,300
"41",277,159,66,1844,388,150,238,286,271,296,248,551,198,0,149,475,0,145,2,10,48
"42",272,155,67,1729,378,147,231,279,267,289,244,584,209,0,147,502,0,155,2,10,238
"43",272,154,64,2058,386,148,238,280,283,294,240,398,135,0,141,336,1,104,4,26,200
"44",274,145,67,1489,371,156,215,278,271,288,250,636,232,0,145,544,0,175,2,11,292
"45",272,160,65,1916,389,145,244,276,270,293,242,511,176,0,142,430,0,36,2,41,600
"46",267,155,66,1868,376,143,233,275,261,286,237,464,166,0,147,400,0,128,2,49,138
"47",274,158,67,1831,383,148,235,283,267,293,245,540,197,0,146,465,0,140,2,22,150
"48",272,160,65,1874,388,145,243,279,269,292,243,547,194,0,145,466,0,36,2,32,1080
"49",253,123,66,2082,333,147,186,276,240,277,227,337,126,0,151,296,0,266,2,26,200
"50",275,159,66,1803,385,147,238,282,271,293,246,565,198,0,144,484,0,154,2,23,300
"51",258,135,69,1906,340,145,195,276,251,277,230,348,127,0,148,302,0,270,3,31,100
"52",267,153,67,1785,370,144,226,277,259,285,238,494,180,0,147,428,0,125,2,43,350
"53",272,141,68,1428,363,157,206,277,268,285,248,663,248,0,147,569,0,178,2,15,83
"54",272,155,64,2079,388,148,240,280,267,295,240,414,143,0,144,352,1,113,3,38,75
"55",255,129,69,1758,332,146,186,271,239,272,230,391,146,0,155,346,0,227,2,46,600
"56",271,134,67,1270,360,162,198,276,270,282,251,731,263,0,145,618,0,213,2,38,325
"57",275,159,67,1848,385,148,237,285,269,294,247,553,201,0,147,477,0,143,2,22,450
"58",275,160,66,1829,390,148,242,281,272,294,247,554,187,0,141,470,1,36,3,25,500
"59",271,158,67,1811,378,145,233,281,265,290,243,556,206,0,149,482,0,138,2,31,350
"60",255,129,69,1758,332,146,186,272,239,272,230,383,143,0,156,339,0,223,2,41,667
"61",276,159,66,1766,389,149,240,281,273,294,248,574,191,0,144,487,0,38,2,34,250
"62",262,143,70,1582,348,145,203,274,242,277,237,512,198,0,154,450,1,315,1,30,316
"63",271,154,64,2065,385,148,237,278,283,293,239,408,140,0,141,346,1,25,4,44,250
"64",263,146,70,1607,352,144,208,275,243,278,238,540,213,0,153,475,1,337,1,24,500
"65",275,159,67,1828,384,148,236,284,269,293,246,549,201,0,149,474,0,140,2,21,200
"66",275,159,67,1830,384,147,237,284,270,293,246,555,202,0,147,479,0,143,2,20,320
"67",262,145,70,1633,349,144,205,274,242,277,236,500,191,0,154,439,0,306,1,32,480
"68",254,128,69,1865,331,146,185,272,237,273,228,366,137,0,154,323,0,285,2,44,625
"69",269,159,66,1902,382,143,239,277,263,289,239,513,188,0,148,442,0,141,2,34,400
"70",272,154,64,2054,386,148,238,280,283,294,240,400,136,0,142,338,1,105,4,32,200
"71",273,137,67,1356,363,161,202,278,272,285,251,715,256,0,144,604,0,209,2,21,1000
"72",256,131,68,1971,337,145,192,276,247,276,228,342,127,0,153,300,0,268,2,37,200
"73",273,161,66,1833,389,147,242,278,271,293,245,555,190,0,142,471,0,37,2,37,433
"74",273,158,67,1814,380,146,234,283,266,291,244,557,205,0,149,482,0,140,2,23,700
"75",273,161,65,1855,390,145,245,277,272,294,244,547,187,0,142,460,0,39,2,37,246
"76",275,159,66,1774,388,149,239,281,272,294,248,568,191,0,143,483,0,163,2,27,50
"77",262,144,70,1598,349,144,205,274,242,277,237,521,203,0,154,459,1,322,1,38,500
"78",275,159,66,1802,388,148,240,282,272,294,247,564,194,0,143,482,0,158,2,24,100
"79",272,158,65,1952,388,145,243,277,269,293,241,467,162,0,145,396,0,32,1,53,600
"80",255,131,69,1865,334,145,189,273,238,273,228,380,144,0,154,334,0,226,2,41,300
"81",267,143,68,1624,358,148,210,277,260,282,241,583,222,0,152,509,0,144,2,13,308
"82",260,141,69,1779,346,144,202,274,248,276,232,435,164,0,147,373,1,265,3,41,44
"83",271,152,67,1684,374,148,226,278,267,288,244,605,218,0,147,520,0,161,2,11,800
"84",271,155,64,2035,387,146,241,277,250,293,239,436,153,0,143,370,1,31,2,53,0
"85",285,157,62,2243,406,155,251,291,281,310,251,420,138,0,138,351,1,27,2,15,250
"86",271,157,67,1752,376,145,231,280,264,288,243,556,207,0,149,482,0,137,2,35,750
"87",253,126,68,1766,330,147,183,271,238,271,229,388,145,0,154,343,0,224,2,51,460
"88",271,130,68,1175,356,166,190,277,268,280,252,755,277,0,146,642,0,219,2,28,500
"89",266,154,69,1687,365,142,223,277,257,282,239,543,207,0,151,475,0,129,2,23,267
"90",255,131,69,1865,334,145,189,273,238,273,228,380,144,0,154,334,0,226,2,43,60
"91",272,160,65,1926,390,145,245,277,270,293,242,525,182,0,143,443,0,37,2,26,439
"92",268,159,65,1941,383,142,241,276,264,289,238,501,182,0,147,430,0,139,2,42,600
"93",263,136,66,2097,349,146,203,283,257,284,232,280,101,0,149,243,0,218,3,23,283
"94",271,160,65,1875,387,143,244,277,267,290,241,539,194,0,146,459,0,152,2,32,300
"95",268,159,65,1941,383,142,241,276,264,289,238,501,182,0,147,430,0,139,2,37,650
"96",271,158,66,1851,382,145,237,280,265,291,242,515,187,0,149,445,0,138,2,31,600
"97",256,131,68,1971,337,145,192,276,247,276,228,342,127,0,153,300,0,268,2,37,100
"98",277,159,66,1844,388,150,238,286,271,296,248,551,198,0,149,475,0,145,2,10,250
"99",255,131,69,1865,334,145,189,273,238,273,228,380,144,0,154,334,0,226,2,43,60
"100",271,154,64,2055,385,147,238,278,282,293,239,409,141,0,141,347,1,110,4,45,800
"101",277,160,67,1841,387,149,238,286,272,295,248,550,198,0,149,474,0,144,2,13,62
"102",276,159,66,1777,388,149,239,283,272,294,248,559,192,0,145,478,0,157,2,21,400
"103",270,131,67,1212,357,164,193,276,267,280,250,750,273,0,145,636,0,218,2,46,750
"104",268,155,67,1816,374,144,230,278,262,287,239,494,179,0,147,427,0,129,2,37,400
"105",267,155,66,1868,376,143,233,275,261,286,237,464,166,0,147,400,0,128,2,49,130
"106",252,124,68,1853,328,147,181,271,234,272,227,364,137,0,154,322,0,287,2,50,750
"107",275,160,65,1808,391,148,243,278,275,295,247,570,189,0,141,479,0,41,2,37,260
"108",271,158,65,1980,388,145,243,277,268,293,241,466,162,0,145,395,0,32,2,40,750
"109",270,150,67,1654,371,148,223,277,266,286,243,612,224,0,147,527,0,160,2,9,1250
"110",258,139,70,1831,341,144,197,274,244,276,230,403,151,0,151,349,1,241,3,49,100
"111",269,157,65,1946,382,144,238,276,264,289,238,462,164,0,145,394,0,129,2,50,325
"112",263,147,70,1621,352,144,208,275,253,279,238,537,210,0,154,471,1,333,2,23,200
"113",270,157,67,1831,378,145,233,279,263,288,240,507,184,0,147,438,0,134,2,46,325
"114",262,139,68,2009,347,145,202,279,247,281,231,333,118,0,150,287,1,191,3,26,500
"115",271,140,68,1444,362,157,205,277,267,284,248,665,249,0,148,571,0,178,2,5,500
"116",252,125,69,1862,328,147,181,272,235,272,227,370,139,0,157,328,0,292,2,49,400
"117",272,133,67,1247,360,164,196,277,270,282,252,741,269,0,145,627,0,217,2,38,500
"118",268,154,67,1788,373,145,228,277,261,286,239,496,181,0,148,430,0,127,2,37,100
"119",269,159,65,1925,386,143,243,276,266,290,239,491,174,0,146,418,0,33,2,46,300
"120",266,152,68,1746,364,143,221,276,257,283,238,524,195,0,150,454,1,125,3,44,250
"121",256,135,69,1896,337,144,193,274,249,275,228,372,140,0,150,326,0,220,2,41,126
"122",255,126,66,2058,336,146,190,277,243,278,227,326,121,0,151,286,0,257,2,31,1200
"123",275,159,67,1830,384,147,237,284,270,293,246,555,202,0,147,479,0,143,2,20,200
"124",269,151,68,1681,367,146,221,278,262,285,242,573,216,0,152,500,0,142,2,14,500
"125",255,126,66,2058,336,146,190,277,243,278,227,326,121,0,151,286,0,257,2,31,200
"126",276,159,64,2023,396,148,248,279,276,300,245,478,155,0,140,397,1,33,3,35,343
"127",252,124,68,1853,328,147,181,271,234,272,227,364,137,0,154,322,0,287,2,48,100
"128",277,160,66,1852,390,149,241,286,272,296,248,547,194,0,147,470,0,147,2,14,180
"129",262,144,70,1597,348,144,204,274,242,277,237,527,207,0,156,464,1,327,1,26,267
"130",268,156,68,1696,371,143,228,278,261,285,241,558,211,0,152,487,0,135,2,28,1000
"131",273,158,67,1814,380,146,234,283,266,291,244,557,205,0,149,482,0,140,2,23,400
"132",255,126,66,2053,336,146,190,277,244,278,228,325,121,0,151,285,0,256,2,28,500
"133",253,127,67,1937,332,145,187,273,235,274,227,368,139,0,155,324,0,288,1,37,110
"134",262,139,68,2009,347,145,202,279,247,281,231,333,118,0,150,287,1,191,3,26,300
"135",265,150,69,1679,361,144,217,276,255,281,238,515,191,0,151,446,1,122,3,43,263
"136",279,160,66,1887,390,151,239,288,273,298,250,539,194,0,149,465,0,142,2,9,760
"137",273,160,65,1900,391,146,245,277,271,295,244,532,182,0,141,446,0,39,2,27,300
"138",280,156,60,2654,402,144,258,292,271,309,239,353,117,0,140,297,1,97,3,52,223
"139",270,160,66,1888,385,144,241,278,265,290,240,536,197,0,147,460,0,148,2,29,75
"140",260,138,69,1946,344,145,199,277,245,279,231,349,126,0,147,301,1,201,3,38,100
"141",275,160,66,1835,390,148,242,281,272,294,247,554,186,0,142,471,0,36,2,26,375
"142",269,156,68,1763,373,145,228,279,262,287,242,544,201,0,148,469,1,135,3,30,500
"143",262,146,70,1611,350,144,206,275,243,278,237,527,206,0,156,464,1,327,1,23,400
"144",273,160,65,1852,390,146,244,277,271,293,244,550,189,0,143,464,0,39,2,38,350
"145",281,157,63,2173,400,154,246,288,294,304,248,415,138,0,141,347,1,26,4,32,800
"146",277,159,66,1844,388,150,238,286,271,296,248,551,198,0,149,475,0,145,2,10,500
"147",256,133,70,1820,335,145,190,273,241,274,229,385,145,0,151,338,0,229,2,39,333
"148",275,159,66,1761,388,149,239,281,272,293,248,571,191,0,143,485,0,165,2,34,267
"149",272,161,65,1870,389,145,244,278,270,292,243,548,192,0,144,465,0,37,2,33,327
"150",271,160,65,1896,388,144,244,277,269,291,241,536,189,0,144,454,0,37,2,41,403
"151",271,130,68,1175,356,166,190,277,268,280,252,755,277,0,146,642,0,219,2,30,714
"152",252,124,68,1861,328,147,181,271,234,272,227,367,138,0,156,325,0,290,2,48,700
"153",268,140,68,1520,357,152,205,276,262,282,243,630,241,0,151,547,0,159,2,8,308
"154",272,160,65,1926,390,145,245,277,270,293,242,525,182,0,143,443,0,37,2,32,300
"155",275,160,65,1819,391,147,244,279,274,295,247,567,189,0,141,478,1,39,3,33,780
"156",264,150,69,1620,358,143,215,275,255,279,238,538,208,0,154,472,1,126,2,26,500
"157",263,146,70,1607,352,144,208,275,243,278,238,540,213,0,153,475,1,337,1,24,300
"158",273,161,66,1824,389,146,243,278,271,293,245,554,190,0,142,469,0,38,2,36,167
"159",253,127,67,1937,332,145,187,273,235,274,227,368,139,0,155,324,0,288,1,36,350
"160",258,136,69,1928,341,144,197,276,251,277,230,356,131,0,152,310,0,207,3,38,120
"161",272,160,65,1916,389,145,244,276,270,293,242,511,176,0,142,430,0,36,2,37,400
"162",273,161,66,1833,389,146,243,278,271,293,245,552,191,0,142,468,0,37,2,33,1000
"163",262,143,70,1608,348,146,202,274,242,277,237,478,181,0,154,420,0,290,1,24,80
"164",264,149,68,1707,359,143,216,276,255,280,237,511,191,0,151,444,1,120,3,42,42
"165",273,161,66,1824,389,146,243,278,271,293,245,554,190,0,142,469,0,38,2,39,200
"166",271,131,68,1209,357,165,192,276,268,281,251,751,274,0,145,637,0,219,2,35,1400
"167",270,129,68,1241,353,164,189,277,266,280,250,758,277,0,145,646,0,217,2,5,533
"168",272,160,65,1918,390,145,245,276,271,293,242,507,174,0,141,426,0,36,2,37,200
"169",275,159,67,1830,384,147,237,284,270,293,246,555,202,0,147,479,0,143,2,20,400
"170",273,159,66,1871,385,146,239,281,267,292,243,520,189,0,147,449,0,141,2,22,133
"171",270,160,66,1868,385,144,241,277,266,290,241,537,198,0,147,461,0,149,2,22,1035
"172",266,154,69,1642,364,142,222,276,258,282,240,543,208,0,152,476,0,129,1,23,600
"173",276,160,66,1864,388,149,239,285,270,295,247,535,193,0,147,461,0,142,2,23,500
"174",274,158,67,1831,383,148,235,283,267,293,245,540,197,0,146,465,0,140,2,22,400
"175",268,157,66,1884,378,143,235,276,262,287,238,485,175,0,147,419,0,133,2,52,100
"176",271,157,67,1752,376,145,231,280,264,288,243,556,207,0,149,482,0,137,2,33,400
"177",273,158,67,1775,380,146,234,282,267,290,245,563,206,0,150,487,0,144,2,16,200
"178",279,157,63,2181,399,151,248,286,293,303,246,410,134,0,138,341,1,25,4,30,250
"179",273,160,65,1852,390,146,244,277,271,293,244,550,189,0,143,464,0,39,2,38,250
"180",272,157,67,1820,378,145,233,282,265,290,243,550,203,0,150,475,0,138,2,30,200
"181",272,161,65,1899,389,145,244,278,270,293,243,545,191,0,143,462,0,37,2,36,1208
"182",284,157,61,2305,406,152,254,289,283,311,250,450,148,0,139,374,0,31,1,34,29
"183",276,159,64,2023,396,148,248,279,276,300,245,478,155,0,140,397,1,33,3,39,25
"184",271,158,66,1851,382,145,237,280,265,291,242,515,187,0,149,445,0,138,2,31,300
"185",278,160,66,1878,389,149,240,286,272,296,249,542,194,0,146,466,0,143,2,24,6500
"186",268,151,65,1978,375,145,230,277,276,288,236,408,143,0,142,347,1,105,4,54,250
"187",274,158,67,1831,383,148,235,283,267,293,245,540,197,0,146,465,0,140,2,22,400
"188",275,159,64,2032,395,147,248,278,275,299,244,501,162,0,140,415,0,36,3,50,560
"189",258,139,70,1848,341,143,198,274,244,276,230,403,151,0,151,349,1,241,3,46,100
"190",271,153,66,1697,376,147,229,277,268,288,244,595,213,0,147,511,0,160,2,12,700
"191",272,160,65,1918,390,145,245,276,271,293,242,507,174,0,141,426,0,36,2,37,400
"192",265,150,68,1732,363,144,219,276,257,282,238,484,176,0,148,418,1,116,3,36,375
"193",283,157,62,2255,405,153,252,287,282,310,250,450,148,0,139,374,0,31,1,47,340
"194",270,160,66,1899,385,143,242,277,250,290,240,534,198,0,147,459,0,148,1,24,1600
"195",274,159,64,1997,394,147,247,277,275,298,244,510,165,0,138,421,0,38,3,55,175
"196",268,140,68,1520,357,152,205,276,262,282,243,630,241,0,151,547,0,159,2,8,400
"197",272,160,65,1885,388,145,243,279,269,292,243,548,195,0,145,467,0,155,2,26,300
"198",256,132,70,1802,334,146,188,273,240,274,230,377,142,0,153,333,0,224,2,44,200
"199",254,128,69,1868,331,146,185,273,236,273,228,372,140,0,151,327,0,327,2,39,300
"200",271,160,65,1875,387,143,244,277,267,290,241,539,194,0,146,459,0,152,2,30,350
"201",274,147,67,1510,374,155,219,278,272,289,250,630,229,0,147,539,0,43,2,8,175
"202",275,159,67,1848,385,148,237,285,269,294,247,553,201,0,147,477,0,143,2,19,1200
"203",269,152,64,2041,380,146,234,278,279,291,237,398,137,0,142,337,1,102,4,45,25
"204",264,149,70,1617,355,144,211,275,255,279,238,547,213,0,153,479,1,128,2,24,50
"205",270,157,67,1831,378,145,233,279,263,288,240,507,184,0,147,438,0,134,2,46,400
"206",277,160,66,1852,390,149,241,286,272,296,248,547,194,0,147,470,0,147,2,14,350
"207",272,160,65,1916,389,145,244,276,270,293,242,511,176,0,142,430,0,36,2,37,600
"208",276,159,67,1812,385,148,237,284,270,294,248,552,201,0,147,477,0,142,2,18,490
"209",265,147,70,1605,355,145,210,275,266,280,239,559,218,0,154,491,0,131,2,19,150
"210",267,155,68,1730,367,142,225,277,258,284,239,547,208,0,152,478,0,130,2,27,56
"211",255,129,68,1762,334,147,187,272,240,273,230,398,148,0,152,351,0,232,2,42,2000
"212",273,161,66,1833,389,147,242,278,271,293,245,555,190,0,142,471,0,37,2,37,375
"213",272,158,67,1820,381,146,235,282,266,291,244,538,197,0,149,464,0,138,2,29,400
"214",272,133,67,1247,360,164,196,277,270,282,252,741,269,0,145,627,0,217,2,34,500
"215",272,158,67,1843,381,146,235,281,266,291,243,524,191,0,149,453,0,137,2,33,467
"216",276,159,66,1766,389,149,240,281,273,294,248,574,191,0,144,487,0,38,2,36,120
"217",285,157,62,2243,406,155,251,291,281,310,251,420,138,0,138,351,1,27,2,15,360
"218",272,160,65,1918,390,145,245,276,271,293,242,507,174,0,141,426,0,36,2,37,400
"219",256,132,70,1802,334,146,188,273,240,274,230,377,142,0,153,333,0,224,2,44,67
"220",265,151,69,1645,359,143,216,276,256,280,239,543,211,0,153,478,0,127,1,21,500
"221",275,159,66,1761,388,149,239,281,272,293,248,571,191,0,143,485,0,165,2,34,375
"222",273,161,66,1824,389,146,243,278,271,293,245,554,190,0,142,469,0,38,2,39,360
"223",251,121,67,1963,327,147,180,272,232,273,225,358,135,0,157,316,0,283,2,43,67
"224",272,155,64,2079,388,148,240,280,267,295,240,414,143,0,144,352,1,113,3,38,90
"225",266,154,69,1687,365,142,223,277,257,282,239,543,207,0,151,475,0,129,2,21,200
"226",263,145,70,1683,351,144,207,275,252,279,237,490,184,0,153,428,0,296,2,26,150
"227",254,128,69,1865,331,146,185,272,237,273,228,366,137,0,154,323,0,285,2,44,75
"228",270,158,67,1844,379,144,235,279,264,289,241,509,185,0,147,440,0,135,2,41,286
"229",255,129,68,1762,334,147,187,272,240,273,230,398,148,0,152,351,0,232,2,42,300
"230",252,124,68,1853,328,147,181,271,234,272,227,364,137,0,154,322,0,287,2,48,300
"231",275,159,67,1848,385,148,237,285,269,294,247,553,201,0,147,477,0,143,2,22,100
"232",272,161,66,1885,388,145,243,279,269,292,243,547,193,0,144,466,0,156,2,29,175
"233",275,159,64,2017,395,147,248,278,275,299,244,476,157,0,141,398,0,32,3,33,500
"234",271,158,66,1851,382,145,237,280,265,291,242,515,187,0,149,445,0,138,2,31,600
"235",276,158,63,2046,397,149,248,279,276,301,246,481,155,0,138,399,1,33,3,37,0
"236",269,157,65,1932,382,143,239,275,265,289,238,469,166,0,143,400,0,131,2,50,500
"237",270,158,67,1844,379,144,235,279,264,289,241,509,185,0,147,440,0,135,2,40,800
"238",275,158,66,1741,386,149,237,281,271,292,247,574,197,0,145,490,0,161,2,23,150
"239",273,158,67,1792,380,147,233,282,266,291,245,549,202,0,149,474,0,139,2,28,267
"240",273,141,67,1429,368,158,210,278,271,286,250,671,241,0,146,571,0,48,2,19,571
"241",252,124,68,1861,328,147,181,271,234,272,227,367,138,0,156,325,0,290,2,48,650
"242",276,160,66,1873,388,148,240,284,270,295,247,534,192,0,147,460,0,142,2,24,500
"243",256,132,70,1802,334,146,188,273,240,274,230,377,142,0,153,333,0,224,2,44,100
"244",275,158,66,1741,386,149,237,281,271,292,247,574,197,0,145,490,0,161,2,23,188
"245",268,155,67,1816,374,144,230,278,262,287,239,494,179,0,147,427,0,129,2,37,400
"246",272,160,65,1918,390,145,245,276,271,293,242,507,174,0,141,426,0,36,2,34,350
"247",268,157,66,1891,379,143,236,276,262,288,238,493,178,0,145,425,0,135,2,44,300
"248",255,126,66,2058,336,146,190,277,243,278,227,326,121,0,151,286,0,257,2,31,300
"249",275,159,67,1848,385,148,237,285,269,294,247,553,201,0,147,477,0,143,2,22,520
"250",272,160,66,1871,385,146,239,280,267,292,243,521,190,0,147,450,0,142,2,16,400
"251",274,159,67,1801,382,147,235,283,268,292,246,553,203,0,147,478,0,140,2,24,420
"252",256,131,68,1971,337,145,192,276,247,276,228,342,127,0,153,300,0,268,2,37,75
"253",273,137,67,1356,363,161,202,278,272,285,251,715,256,0,144,604,0,209,2,21,667
"254",272,158,67,1771,379,146,233,281,266,290,245,558,206,0,149,483,0,140,2,22,300
"255",255,126,66,2058,336,146,190,277,243,278,227,326,121,0,151,286,0,257,2,31,333
"256",258,139,70,1848,341,143,198,274,244,276,230,403,151,0,151,349,1,241,3,47,114
"257",274,161,65,1823,390,146,244,278,272,294,246,557,190,0,142,471,0,38,2,36,163
"258",275,159,64,2006,395,148,247,278,274,298,244,474,156,0,140,396,0,32,3,37,100
"259",263,147,70,1608,352,144,208,275,243,279,238,530,207,0,153,466,1,329,1,22,63
"260",272,158,65,1952,388,145,243,277,269,293,241,467,162,0,145,396,0,32,1,50,125
"261",267,155,66,1860,376,143,233,275,261,286,237,464,166,0,147,400,0,128,2,49,50
"262",280,156,60,2654,402,144,258,292,271,309,239,353,117,0,140,297,1,97,3,52,400
"263",265,151,69,1645,359,143,216,276,256,280,239,543,211,0,153,478,0,127,1,21,1000
"264",276,160,66,1843,389,148,241,284,272,295,248,551,192,0,147,472,0,152,2,27,240
"265",273,161,66,1824,389,146,243,278,271,293,245,554,190,0,142,469,0,38,2,36,467
"266",274,161,66,1864,388,146,242,281,270,293,245,545,192,0,145,466,0,153,2,31,1500
"267",271,158,67,1811,378,145,233,281,265,290,243,556,206,0,149,482,0,138,2,33,50
"268",262,146,70,1611,350,144,206,275,243,278,237,527,206,0,156,464,1,327,1,23,188
"269",281,157,63,2173,400,154,246,288,294,304,248,415,138,0,141,347,1,26,4,34,57
"270",258,136,69,1924,341,144,197,276,252,277,230,357,132,0,153,311,0,208,3,37,120
"271",274,161,66,1844,388,147,241,281,269,293,245,540,192,0,144,463,0,149,2,30,67
"272",276,159,66,1777,388,149,239,283,272,294,248,559,192,0,145,478,0,157,2,21,300
"273",270,129,68,1241,353,164,189,277,266,280,250,758,277,0,145,646,0,217,2,5,400
"274",275,159,67,1848,385,148,237,285,269,294,247,553,201,0,147,477,0,143,2,19,300
"275",276,159,66,1826,387,148,239,283,271,294,247,560,198,0,147,481,0,151,2,17,308
"276",263,146,69,1661,352,143,209,275,242,278,237,517,199,0,152,454,1,318,1,39,300
"277",266,155,69,1699,366,142,224,277,258,283,239,547,208,0,152,478,0,130,2,26,200
"278",269,158,66,1874,380,144,236,277,264,289,240,501,182,0,148,433,0,137,2,37,211
"279",268,155,68,1716,370,143,227,278,261,285,241,560,212,0,152,489,0,136,2,19,267
"280",286,157,61,2369,409,154,255,291,283,313,250,432,142,0,137,360,1,28,2,20,300
"281",267,153,67,1785,370,144,226,277,259,285,238,494,180,0,147,428,0,125,2,43,350
"282",272,159,66,1885,384,146,238,281,267,292,243,519,189,0,146,448,0,141,2,19,300
"283",263,145,70,1683,351,144,207,275,252,279,237,490,184,0,153,428,0,296,2,25,467
"284",273,158,67,1814,380,146,234,283,266,291,244,557,205,0,149,482,0,140,2,23,200
"285",267,151,65,1940,374,145,229,276,259,287,236,419,149,0,147,358,1,109,3,53,100
"286",252,124,68,1853,328,147,181,271,234,272,227,364,137,0,154,322,0,287,2,50,400
"287",252,124,68,1853,328,147,181,271,234,272,227,364,137,0,154,322,0,287,2,49,100
"288",275,159,67,1848,385,148,237,285,269,294,247,553,201,0,147,477,0,143,2,19,750
"289",256,132,70,1802,334,146,188,273,240,274,230,377,142,0,153,333,0,224,2,44,500
"290",276,159,66,1777,388,149,239,283,272,294,248,559,192,0,145,478,0,157,2,20,250
"291",255,129,68,1762,334,147,187,272,240,273,230,398,148,0,152,351,0,232,2,42,100
"292",272,155,64,2067,387,147,240,279,267,294,239,413,142,0,143,351,1,26,3,34,500
"293",280,156,60,2654,402,144,258,292,271,309,239,353,117,0,140,297,1,97,3,51,200
"294",273,160,65,1915,391,145,246,277,271,295,243,530,182,0,141,445,0,38,2,28,440
"295",284,157,62,2274,406,153,253,288,283,311,250,450,148,0,139,374,0,31,1,31,0
"296",270,158,67,1844,379,144,235,279,264,289,241,509,185,0,147,440,0,135,2,40,300
"297",276,158,63,2033,397,149,248,279,276,300,246,480,155,0,137,399,1,33,3,33,600
"298",286,157,61,2368,409,154,255,291,283,313,250,435,143,0,138,362,1,29,2,18,120
"299",275,159,66,1761,388,149,239,281,272,293,248,571,191,0,143,485,0,165,2,34,200
"300",258,139,69,1880,342,143,199,274,243,276,230,392,146,0,151,340,1,231,3,57,533
"301",267,156,66,1878,378,143,235,275,262,287,237,475,171,0,147,410,0,131,2,49,300
"302",265,151,69,1626,360,143,217,276,256,280,239,547,212,0,154,481,0,129,1,17,30
"303",262,143,70,1582,348,145,203,274,242,277,237,512,198,0,154,450,1,315,1,30,364
"304",267,154,67,1834,373,144,229,276,260,286,238,469,169,0,146,406,0,126,2,42,132
"305",273,158,67,1814,380,146,234,283,266,291,244,557,205,0,149,482,0,140,2,23,650
"306",266,155,69,1703,366,142,224,277,258,283,239,547,208,0,152,478,0,130,2,25,25
"307",271,152,66,1690,375,147,228,276,268,287,244,598,215,0,148,514,0,160,2,12,400
"308",253,126,68,1766,330,147,183,271,238,271,229,388,145,0,154,343,0,224,2,52,467
"309",270,157,67,1769,375,144,231,280,264,288,242,558,208,0,150,484,0,137,2,37,25
"310",275,160,66,1870,388,148,240,284,270,295,246,535,192,0,147,460,0,144,2,27,340
"311",271,160,65,1919,386,143,243,278,266,291,240,538,197,0,147,460,0,150,2,21,440
"312",256,131,68,1971,337,145,192,276,247,276,228,342,127,0,153,300,0,268,2,37,150
"313",256,132,70,1802,334,146,188,273,240,274,230,377,142,0,153,333,0,224,2,44,625
"314",268,151,65,1978,375,145,230,277,276,288,236,408,143,0,142,347,1,105,4,52,457
"315",285,157,62,2254,406,155,251,292,282,310,251,419,137,0,141,349,1,27,3,16,25
"316",256,133,70,1799,335,145,190,273,240,273,229,383,144,0,155,337,0,228,2,43,60
"317",273,161,66,1898,388,145,243,280,269,292,243,548,194,0,145,467,0,36,2,28,267
"318",275,159,67,1798,385,149,236,284,270,294,247,556,201,0,147,480,0,145,2,20,533
"319",273,160,65,1852,390,146,244,277,271,293,244,550,189,0,143,464,0,39,2,38,600
"320",256,132,70,1802,334,146,188,273,240,274,230,377,142,0,153,333,0,224,2,44,125
"321",270,153,67,1681,374,147,227,277,266,287,243,597,216,0,148,514,0,158,2,11,308
"322",272,160,66,1908,386,144,242,280,266,292,242,529,192,0,145,455,0,145,2,27,333
"323",272,158,67,1813,378,145,233,282,265,290,243,558,207,0,150,484,0,138,2,30,305
"324",260,138,69,1913,342,144,198,277,245,278,231,362,132,0,148,313,1,210,3,44,140
"325",275,159,67,1798,385,149,236,284,270,294,247,556,201,0,147,480,0,145,2,20,117
"326",275,159,64,2002,394,148,246,278,275,298,244,473,156,0,140,395,0,32,3,42,400
"327",254,128,69,1865,331,146,185,272,237,273,228,366,137,0,154,323,0,285,2,44,100
"328",272,158,67,1820,381,146,235,282,266,291,244,538,197,0,149,464,0,138,2,29,114
"329",254,128,69,1865,331,146,185,272,237,273,228,366,137,0,154,323,0,285,2,44,125
"330",268,157,67,1857,377,143,234,276,262,287,238,490,177,0,148,423,0,133,2,49,236
"331",276,159,66,1777,388,149,239,283,272,294,248,559,192,0,145,478,0,157,2,20,450
"332",279,157,63,2181,399,151,248,286,293,303,246,410,134,0,138,341,1,25,4,34,482
"333",272,160,65,1926,390,145,245,277,270,293,242,525,182,0,143,443,0,37,2,31,300
"334",272,160,65,1926,390,145,245,277,270,293,242,525,182,0,143,443,0,37,2,31,510
"335",256,132,70,1802,334,146,188,273,240,274,230,377,142,0,153,333,0,224,2,40,283
"336",260,141,70,1589,344,145,199,273,241,276,236,491,189,0,156,434,0,301,0,35,417
"337",267,156,66,1896,377,143,234,275,261,286,237,466,167,0,147,401,0,129,2,51,2880
"338",263,147,70,1621,352,144,208,275,253,279,238,537,210,0,154,471,1,333,2,21,400
"339",270,129,68,1241,353,164,189,277,266,280,250,758,277,0,145,646,0,217,2,9,833
"340",253,123,66,2082,333,147,186,276,240,277,227,337,126,0,151,296,0,266,2,26,625
"341",276,159,64,2021,397,149,248,279,276,300,246,479,155,0,141,398,1,33,3,36,225
"342",262,139,68,2009,347,145,202,279,247,281,231,333,118,0,150,287,1,191,3,26,60
"343",273,158,67,1792,380,147,233,282,266,291,245,549,202,0,149,474,0,139,2,28,83
"344",276,159,64,2023,396,148,248,279,276,300,245,478,155,0,140,397,1,33,3,38,250
"345",264,149,70,1617,355,144,211,275,255,279,238,547,213,0,153,479,1,128,2,19,60
"346",268,140,68,1520,357,152,205,276,262,282,243,630,241,0,151,547,0,159,2,8,308
"347",272,161,65,1870,389,145,244,278,270,292,243,548,192,0,144,465,0,37,2,33,625
"348",274,156,66,1756,383,148,235,280,269,292,246,577,203,0,145,495,0,156,2,18,250
"349",267,152,66,1938,374,144,230,276,260,286,236,420,149,0,143,358,1,110,3,51,100
"350",271,160,65,1896,388,144,244,277,269,291,241,536,189,0,144,454,0,37,2,41,250
"351",274,158,66,1764,386,148,238,281,271,292,247,574,197,0,145,490,0,161,2,24,200
"352",275,160,66,1870,388,148,240,284,270,295,246,535,192,0,147,460,0,144,2,30,400
"353",271,154,67,1728,375,146,229,279,266,288,243,579,213,0,149,502,0,149,2,10,308
"354",261,142,68,1901,350,143,207,275,260,278,231,383,139,0,150,329,1,224,4,53,123
"355",263,146,70,1607,352,144,208,275,243,278,238,540,213,0,153,475,1,337,1,21,300
"356",260,138,69,1946,344,145,199,277,245,279,231,349,126,0,147,301,1,201,3,37,200
"357",263,146,70,1631,351,143,208,275,243,278,237,524,204,0,155,461,1,324,1,29,54
"358",262,146,70,1611,350,144,206,275,243,278,237,527,206,0,156,464,1,327,1,23,125
"359",273,161,66,1833,389,146,243,278,271,293,245,552,191,0,142,468,0,37,2,30,943
"360",258,136,69,1928,341,144,197,276,251,277,230,356,131,0,152,310,0,207,3,38,120
"361",258,139,69,1880,342,143,199,274,243,276,230,392,146,0,151,340,1,231,3,57,145
"362",275,159,67,1828,384,148,236,284,269,293,246,549,201,0,149,474,0,140,2,22,250
"363",272,160,65,1916,389,145,244,276,270,293,242,511,176,0,142,430,0,36,2,37,400
"364",265,147,69,1607,356,145,211,276,267,280,239,560,218,0,154,491,0,132,2,20,220
"365",275,160,65,1826,391,148,243,279,274,295,247,571,189,0,141,479,0,41,2,39,375
"366",272,135,68,1289,360,162,198,277,270,282,251,729,262,0,145,617,0,212,2,38,50
"367",272,158,67,1843,381,146,235,281,266,291,243,524,191,0,149,453,0,137,2,33,175
"368",271,154,67,1728,375,146,229,279,266,288,243,579,213,0,149,502,0,149,2,10,308
"369",274,147,67,1510,374,155,219,278,272,289,250,630,229,0,147,539,0,43,2,7,800
"370",270,160,66,1885,384,144,240,276,250,289,240,533,197,0,147,458,0,34,1,20,550
"371",272,135,68,1300,360,162,198,278,270,283,251,722,259,0,143,611,0,209,2,23,500
"372",274,159,67,1801,382,147,235,283,268,292,246,553,203,0,147,478,0,140,2,24,200
"373",271,158,65,1981,387,145,242,277,267,292,240,460,160,0,143,390,0,32,2,53,267
"374",275,158,66,1809,385,148,237,283,270,293,246,563,200,0,148,484,0,151,2,20,300
"375",254,129,67,1966,334,144,190,274,229,274,227,369,140,0,156,326,0,289,0,40,114
"376",273,136,68,1315,362,162,200,277,271,285,252,718,257,0,145,606,0,209,2,25,1000
"377",286,157,61,2369,409,154,255,291,283,313,250,432,142,0,137,360,1,28,2,20,75
"378",276,159,64,2016,396,149,247,279,276,300,246,479,155,0,141,398,1,33,3,31,0
"379",274,161,66,1879,388,146,242,281,269,293,244,541,193,0,144,463,0,150,2,32,450
"380",272,161,65,1845,389,145,244,278,270,292,244,549,191,0,144,466,0,37,2,33,100
"381",256,132,70,1802,334,146,188,273,240,274,230,377,142,0,153,333,0,224,2,44,167
"382",272,161,66,1875,388,145,243,279,269,292,243,547,194,0,145,466,0,155,2,34,240
"383",254,122,65,2084,334,147,187,277,240,278,227,325,122,0,151,285,0,257,2,19,240
"384",252,125,67,1999,332,146,186,274,228,275,226,355,134,0,155,313,0,280,0,35,125
"385",271,154,67,1728,375,146,229,279,266,288,243,579,213,0,149,502,0,149,2,9,480
"386",265,147,70,1605,355,145,210,275,266,280,239,559,218,0,154,491,0,131,2,19,267
"387",265,147,70,1605,355,145,210,275,266,280,239,559,218,0,154,491,0,131,2,19,60
"388",268,154,67,1788,373,145,228,277,261,286,239,496,181,0,148,430,0,127,2,37,900
"389",269,157,65,1918,382,144,238,276,264,289,239,464,164,0,145,396,0,130,2,49,56
"390",277,159,66,1844,388,150,238,286,271,296,248,551,198,0,149,475,0,145,2,10,500
"391",263,136,66,2097,349,146,203,283,257,284,232,280,101,0,149,243,0,218,3,23,480
"392",271,158,67,1800,378,145,233,281,265,289,243,558,207,0,150,484,0,138,2,33,50
"393",272,158,67,1820,381,146,235,282,266,291,244,538,197,0,149,464,0,138,2,29,400
"394",274,157,66,1747,383,148,235,280,269,291,246,574,203,0,147,493,0,155,2,17,300
"395",254,128,69,1865,331,146,185,272,237,273,228,366,137,0,154,323,0,285,2,44,100
"396",256,135,69,1896,337,144,193,274,249,275,228,372,140,0,150,326,0,220,2,43,167
"397",265,151,69,1626,360,143,217,276,256,280,239,547,212,0,154,481,0,129,1,17,25
"398",267,156,66,1896,377,143,234,275,261,286,237,466,167,0,147,401,0,129,2,53,254
"399",265,147,69,1616,356,145,211,275,267,280,239,560,218,0,154,491,0,132,2,19,30
"400",273,158,67,1787,380,146,234,282,267,290,245,562,206,0,150,486,0,143,2,26,800
"401",262,144,70,1605,348,145,203,274,242,278,237,500,191,0,154,439,0,306,1,34,300
"402",273,156,64,2066,390,148,242,280,270,296,241,433,150,0,141,367,1,30,3,46,0
"403",284,157,63,2253,404,155,249,292,297,309,250,413,136,0,139,344,1,26,3,17,300
"404",272,160,65,1881,389,145,244,278,270,292,243,542,190,0,142,459,0,37,2,30,467
"405",256,131,68,1971,337,145,192,276,247,276,228,342,127,0,153,300,0,268,2,37,111
"406",270,152,67,1672,371,147,224,278,264,286,243,587,217,0,151,509,0,150,2,9,308
"407",253,126,68,1766,330,147,183,271,238,271,229,388,145,0,154,343,0,224,2,52,425
"408",272,153,64,2062,384,148,236,280,282,294,239,398,135,0,141,336,1,104,4,30,188
"409",280,156,60,2637,402,144,258,292,292,309,240,356,117,0,140,298,1,98,4,52,36
"410",270,158,67,1844,379,144,235,279,264,289,241,509,185,0,147,440,0,135,2,41,467
"411",275,160,65,1824,391,147,244,280,274,295,247,566,188,0,140,477,1,39,3,30,500
"412",272,157,64,2038,390,146,244,279,269,295,241,444,154,0,141,377,1,30,3,53,500
"413",274,161,66,1868,388,146,242,280,270,293,244,547,192,0,145,467,0,154,2,33,3333
"414",274,139,67,1350,368,162,206,278,274,287,253,714,255,0,143,602,0,55,2,21,600
"415",272,158,65,1952,388,145,243,277,269,293,241,467,162,0,145,396,0,32,1,50,357
"416",277,160,66,1852,390,149,241,286,272,296,248,547,194,0,147,470,0,147,2,14,250
"417",274,161,65,1823,390,146,244,278,272,294,246,557,190,0,142,471,0,38,2,35,250
"418",277,160,67,1841,387,149,238,286,272,295,248,550,198,0,149,474,0,144,2,13,150
"419",267,157,66,1901,377,142,235,276,261,287,237,485,175,0,147,419,0,133,2,51,500
"420",274,156,66,1756,383,148,235,280,269,292,246,577,203,0,145,495,0,156,2,18,150
"421",251,123,66,2037,330,146,184,274,227,274,225,351,133,0,154,310,0,278,0,43,250
"422",274,161,66,1876,389,146,243,280,270,293,244,545,193,0,145,466,0,153,2,30,180
"423",271,160,65,1907,388,144,244,277,268,291,241,535,189,0,144,453,0,37,2,37,308
"424",265,150,68,1718,363,144,219,276,257,282,238,490,179,0,150,424,1,117,3,33,450
"425",275,159,67,1798,385,149,236,284,270,294,247,556,201,0,147,480,0,145,2,20,800
"426",273,161,66,1833,389,147,242,278,271,293,245,555,190,0,142,471,0,37,2,37,315
"427",272,158,65,1952,388,145,243,277,269,293,241,467,162,0,145,396,0,32,1,53,267
"428",273,160,65,1898,391,146,245,277,272,295,244,532,182,0,141,446,0,39,2,27,400
"429",251,123,66,2037,330,146,184,274,227,274,225,351,133,0,154,310,0,278,0,43,300
"430",263,147,70,1621,352,144,208,275,253,279,238,537,210,0,154,471,1,333,2,21,800
"431",268,155,68,1684,369,144,225,278,261,285,242,561,212,0,152,490,0,137,2,20,240
"432",264,150,69,1620,358,143,215,275,255,279,238,538,208,0,154,472,1,126,2,26,375
"433",272,158,67,1843,381,146,235,281,266,291,243,524,191,0,149,453,0,137,2,33,450
"434",269,156,68,1763,373,145,228,279,262,287,242,544,201,0,148,469,1,135,3,30,619
"435",268,154,67,1788,373,145,228,277,261,286,239,496,181,0,148,430,0,127,2,37,300
"436",284,157,61,2305,406,152,254,289,283,311,250,450,148,0,139,374,0,31,1,34,500
"437",271,157,67,1752,376,145,231,280,264,288,243,556,207,0,149,482,0,137,2,35,100
"438",258,139,69,1880,342,143,199,274,243,276,230,392,146,0,151,340,1,231,3,57,233
"439",275,159,66,1761,388,149,239,281,272,293,248,571,191,0,143,485,0,165,2,34,455
"440",265,151,69,1626,360,143,217,276,256,280,239,547,212,0,154,481,0,129,1,17,0
"441",260,142,69,1768,347,144,203,274,248,276,232,434,163,0,147,372,1,264,3,43,200
"442",273,158,67,1787,380,146,234,282,267,290,245,562,206,0,150,486,0,143,2,26,450
"443",255,129,69,1758,332,146,186,271,239,272,230,391,146,0,155,346,0,227,2,46,650
"444",262,146,70,1611,350,144,206,275,243,278,237,527,206,0,156,464,1,327,1,23,400
"445",254,128,69,1865,331,146,185,272,237,273,228,366,137,0,154,323,0,285,2,44,150
"446",256,133,70,1799,335,145,190,273,240,273,229,383,144,0,155,337,0,228,2,43,500
"447",259,140,70,1878,343,143,200,275,244,277,230,386,143,0,149,334,1,226,3,47,233
"448",260,142,69,1768,347,144,203,274,248,276,232,434,163,0,147,372,1,264,3,43,167
"449",273,160,66,1884,386,146,240,281,267,292,243,528,191,0,145,454,0,144,2,22,250
"450",253,127,67,1937,332,145,187,273,235,274,227,368,139,0,155,324,0,288,1,31,100
"451",260,142,69,1768,347,144,203,274,248,276,232,434,163,0,147,372,1,264,3,43,300
"452",274,159,64,1997,394,147,247,277,275,298,244,510,165,0,138,421,0,38,3,56,571
"453",252,125,69,1862,328,147,181,272,235,272,227,370,139,0,157,328,0,292,2,49,9000
"454",271,155,68,1687,373,146,227,280,264,287,244,568,212,0,150,494,0,142,2,11,455
"455",275,159,66,1803,385,147,238,282,271,293,246,565,198,0,144,484,0,154,2,23,167
"456",252,124,68,1853,328,147,181,271,234,272,227,364,137,0,154,322,0,287,2,49,500
"457",274,138,66,1417,366,160,206,278,273,287,251,716,256,0,144,603,0,55,2,23,1000
"458",255,131,69,1865,334,145,189,273,238,273,228,380,144,0,154,334,0,226,2,41,300
"459",272,160,65,1916,389,145,244,276,270,293,242,511,176,0,142,430,0,36,2,37,200
"460",264,150,69,1620,358,143,215,275,255,279,238,538,208,0,154,472,1,126,2,26,1000
"461",256,133,70,1799,335,145,190,273,240,273,229,383,144,0,155,337,0,228,2,43,600
"462",274,161,66,1866,388,146,242,281,270,293,245,544,192,0,144,465,0,153,2,28,167
"463",275,159,66,1793,387,148,239,282,272,294,247,566,194,0,143,483,0,159,2,23,133
"464",252,124,68,1853,328,147,181,271,234,272,227,364,137,0,154,322,0,287,2,48,67
"465",272,160,65,1918,390,145,245,276,271,293,242,507,174,0,141,426,0,36,2,36,350
"466",274,158,67,1831,383,148,235,283,267,293,245,540,197,0,146,465,0,140,2,22,333
"467",252,125,69,1862,328,147,181,272,235,272,227,370,139,0,157,328,0,292,2,49,117
"468",267,155,66,1871,376,143,233,275,260,286,237,464,166,0,147,400,0,128,2,50,300
"469",274,161,65,1823,390,146,244,278,272,294,246,557,190,0,142,471,0,38,2,35,250
"470",250,119,66,1987,326,147,179,271,230,272,225,356,135,0,157,315,0,284,2,44,50
"471",273,159,66,1884,385,146,239,281,267,292,243,521,189,0,147,450,0,141,2,17,300
"472",276,159,67,1812,385,148,237,284,270,294,248,552,201,0,147,477,0,142,2,18,300
"473",272,160,65,1897,388,145,243,279,269,292,243,547,194,0,145,466,0,36,2,31,245
"474",251,121,67,1963,327,147,180,272,232,273,225,358,135,0,157,316,0,283,2,43,300
"475",268,156,68,1696,371,143,228,278,261,285,241,558,211,0,152,487,0,135,2,28,750
"476",273,160,65,1900,391,146,245,277,271,295,244,532,182,0,141,446,0,39,2,26,200
"477",262,145,70,1633,349,144,205,274,242,277,236,500,191,0,154,439,0,306,1,33,200
"478",250,119,66,1987,326,147,179,271,230,272,225,356,135,0,157,315,0,284,2,44,45
"479",275,159,67,1848,385,148,237,285,269,294,247,553,201,0,147,477,0,143,2,19,600
"480",275,143,66,1467,374,160,214,279,275,290,252,684,243,0,142,576,0,53,2,23,700
"481",270,156,65,1997,385,146,239,278,250,292,239,439,154,0,144,373,1,124,2,56,833
"482",271,160,66,1878,384,145,239,279,266,291,241,525,193,0,148,453,0,144,2,20,500
"483",268,151,65,1978,375,145,230,277,276,288,236,408,143,0,142,347,1,105,4,54,493
"484",267,156,66,1896,377,143,234,275,261,286,237,466,167,0,147,401,0,129,2,53,300
"485",272,160,65,1916,389,145,244,276,270,293,242,511,176,0,142,430,0,36,2,37,600
"486",284,157,63,2253,404,155,249,292,297,309,250,413,136,0,139,344,1,26,3,17,38
"487",276,159,64,2023,396,148,248,279,276,300,245,478,155,0,140,397,1,33,3,35,0
"488",270,157,67,1769,375,144,231,280,264,288,242,558,208,0,150,484,0,137,2,34,50
"489",275,159,67,1848,385,148,237,285,269,294,247,553,201,0,147,477,0,143,2,22,200
"490",258,139,70,1814,341,144,197,274,245,276,230,420,158,0,147,362,1,254,3,46,429
"491",262,143,70,1582,348,145,203,274,242,277,237,512,198,0,154,450,1,315,1,30,400
"492",251,121,67,1963,327,147,180,272,232,273,225,358,135,0,157,316,0,283,2,43,50
"493",270,156,65,1997,385,146,239,278,250,292,239,439,154,0,144,373,1,124,2,56,225
"494",272,160,65,1916,389,145,244,276,270,293,242,511,176,0,142,430,0,36,2,37,300
"495",271,155,64,2035,387,146,241,277,250,293,239,436,153,0,143,370,1,31,2,52,400
"496",272,160,65,1926,390,145,245,277,270,293,242,525,182,0,143,443,0,37,2,31,260
"497",266,152,68,1746,364,143,221,276,257,283,238,524,195,0,150,454,1,125,3,41,0
"498",269,157,65,1943,383,143,240,276,265,289,238,466,165,0,146,397,0,130,2,47,250
"499",269,158,66,1878,380,143,237,276,263,288,239,496,180,0,146,428,0,136,2,41,250
"500",272,161,66,1900,386,144,242,279,268,291,242,543,196,0,145,465,0,152,2,34,233
"501",272,161,65,1867,389,145,244,278,270,292,243,541,189,0,142,458,0,37,2,29,125
"502",272,155,67,1729,378,147,231,279,267,289,244,584,209,0,147,502,0,155,2,10,500
"503",276,159,67,1812,385,148,237,284,270,294,248,552,201,0,147,477,0,142,2,17,160
"504",253,123,66,2082,333,147,186,276,240,277,227,337,126,0,151,296,0,266,2,26,350
"505",263,145,70,1682,351,144,207,275,252,278,236,490,184,0,153,428,0,296,2,26,125
"506",250,119,66,1987,326,147,179,271,230,272,225,356,135,0,157,315,0,284,2,44,333
"507",275,159,66,1774,388,149,239,281,272,294,248,568,191,0,143,483,0,163,2,27,200
"508",275,145,67,1456,372,158,214,280,272,288,251,647,233,0,147,551,0,46,2,17,1000
"509",272,160,65,1857,389,145,244,276,271,293,244,546,187,0,142,459,0,39,2,39,423
"510",273,158,67,1775,380,146,234,282,267,290,245,563,206,0,150,487,0,144,2,16,80
"511",262,145,70,1633,349,144,205,274,242,277,236,500,191,0,154,439,0,306,1,33,200
"512",268,151,65,1978,375,145,230,277,276,288,236,408,143,0,142,347,1,105,4,52,429
"513",276,159,64,2016,396,149,247,279,276,300,246,479,155,0,141,398,1,33,3,31,400
"514",272,160,65,1918,390,145,245,276,271,293,242,507,174,0,141,426,0,36,2,36,400
"515",268,154,67,1788,373,145,228,277,261,286,239,496,181,0,148,430,0,127,2,39,700
"516",280,156,60,2637,402,144,258,292,292,309,240,356,117,0,140,298,1,98,4,51,120
"517",275,159,67,1830,384,147,237,284,270,293,246,555,202,0,147,479,0,143,2,20,530
"518",273,161,66,1833,389,146,243,278,271,293,245,552,191,0,142,468,0,37,2,33,400
"519",270,129,68,1241,353,164,189,277,266,280,250,758,277,0,145,646,0,217,2,7,500
"520",255,129,69,1758,332,146,186,272,239,272,230,383,143,0,156,339,0,223,2,41,475
"521",272,161,65,1890,389,145,244,278,270,293,243,542,189,0,142,458,0,38,2,32,308
"522",272,160,66,1876,386,146,240,280,267,292,243,525,191,0,148,453,0,144,2,18,100
"523",256,133,70,1799,335,145,190,273,240,273,229,383,144,0,155,337,0,228,2,43,250
"524",276,159,64,2023,396,148,248,279,276,300,245,478,155,0,140,397,1,33,3,39,250
"525",284,157,63,2147,403,157,246,291,296,307,251,417,139,0,142,349,1,26,3,13,67
"526",274,159,64,1997,394,147,247,277,275,298,244,510,165,0,138,421,0,38,3,56,444
"527",271,160,65,1875,387,143,244,277,267,290,241,539,194,0,146,459,0,152,2,31,1700
"528",253,127,69,1817,331,147,184,272,237,272,228,367,137,0,154,324,0,324,2,41,150
"529",262,144,70,1598,349,144,205,274,242,277,237,521,203,0,154,459,1,322,1,38,462
"530",270,159,65,1930,386,143,243,276,266,290,239,495,176,0,144,422,0,33,2,44,450
"531",275,159,67,1848,385,148,237,285,269,294,247,553,201,0,147,477,0,143,2,19,125
"532",254,128,69,1767,332,147,185,272,238,272,230,382,143,0,156,338,0,222,2,40,305
"533",269,159,65,1942,385,143,242,276,266,290,239,491,174,0,146,418,0,33,2,47,600
"534",269,158,66,1856,380,144,236,277,263,289,240,498,181,0,147,430,0,136,2,38,500
"535",268,140,68,1520,357,152,205,276,262,282,243,630,241,0,151,547,0,159,2,8,250
"536",271,134,68,1281,358,162,196,276,268,282,250,732,263,0,143,619,0,213,2,41,500
"537",283,157,62,2189,404,154,250,289,280,308,250,429,141,0,141,358,1,28,3,48,467
"538",273,154,66,1696,379,149,230,279,270,290,246,593,207,0,145,506,0,163,2,11,313
"539",273,160,65,1852,390,146,244,277,271,293,244,550,189,0,143,464,0,39,2,38,450
"540",284,157,61,2440,406,151,255,293,279,310,247,391,128,0,140,327,1,24,2,22,100
"541",262,147,70,1622,352,143,209,274,253,278,237,518,199,0,152,454,0,318,2,38,120
"542",255,126,66,2053,336,146,190,277,244,278,228,325,121,0,151,285,0,256,2,28,50
"543",266,155,69,1692,366,142,224,277,258,282,239,546,208,0,152,477,0,130,2,26,125
"544",274,147,67,1510,374,155,219,278,272,289,250,630,229,0,147,539,0,43,2,9,325
"545",256,135,69,1896,337,144,193,274,249,275,228,372,140,0,150,326,0,220,2,41,33
"546",272,160,66,1908,386,144,242,280,266,292,242,529,192,0,145,455,0,145,2,26,400
"547",273,161,66,1833,389,147,242,278,271,293,245,555,190,0,142,471,0,37,2,38,800
"548",272,160,65,1886,389,144,245,276,271,293,243,545,187,0,142,459,0,39,2,38,350
"549",255,129,69,1758,332,146,186,271,239,272,230,391,146,0,155,346,0,227,2,46,467
"550",272,158,67,1816,379,145,234,282,265,290,244,551,203,0,150,476,0,139,2,35,91
"551",276,160,66,1843,389,148,241,284,272,295,248,551,192,0,147,472,0,152,2,25,572
"552",265,153,69,1677,363,143,220,276,257,282,239,540,206,0,151,472,0,128,2,23,467
"553",255,129,68,1762,334,147,187,272,240,273,230,398,148,0,152,351,0,232,2,42,300
"554",263,147,70,1621,352,144,208,275,253,279,238,537,210,0,154,471,1,333,2,21,200
"555",256,133,70,1794,335,145,190,273,241,273,229,383,144,0,155,337,0,228,2,44,500
"556",258,136,69,1928,341,144,197,276,251,277,230,356,131,0,152,310,0,207,3,39,200
"557",263,146,70,1607,352,144,208,275,243,278,238,540,213,0,153,475,1,337,1,24,400
"558",273,155,64,2107,389,148,241,280,286,296,240,405,137,0,143,342,1,24,4,35,100
"559",275,159,67,1830,384,147,237,284,270,293,246,555,202,0,147,479,0,143,2,20,500
"560",281,157,63,2173,400,154,246,288,294,304,248,415,138,0,141,347,1,26,4,35,250
"561",279,157,63,2181,399,151,248,286,293,303,246,410,134,0,138,341,1,25,4,30,300
"562",274,135,67,1301,366,165,201,277,274,286,253,739,267,0,144,623,0,56,2,14,600
"563",252,124,68,1843,328,147,181,271,235,272,228,370,139,0,157,328,0,292,2,50,333
"564",269,157,65,1943,384,143,241,276,265,290,239,466,165,0,146,397,0,130,2,49,500
"565",273,141,67,1429,368,158,210,278,271,286,250,671,241,0,146,571,0,48,2,17,5000
"566",252,124,68,1843,328,147,181,271,235,272,228,370,139,0,157,328,0,292,2,50,300
"567",272,160,65,1926,390,145,245,277,270,293,242,525,182,0,143,443,0,37,2,31,260
"568",252,125,69,1862,328,147,181,272,235,272,227,370,139,0,157,328,0,292,2,49,25
"569",258,138,70,1811,340,144,196,274,245,276,230,417,157,0,151,360,1,251,3,45,500
"570",269,158,66,1882,380,144,236,277,264,289,240,500,182,0,148,432,0,136,2,35,200
"571",276,159,66,1826,387,148,239,283,271,294,247,560,198,0,147,481,0,151,2,13,150
"572",255,126,66,2058,336,146,190,277,243,278,227,326,121,0,151,286,0,257,2,31,800
"573",258,139,69,1880,342,143,199,274,243,276,230,392,146,0,151,340,1,231,3,57,200
"574",263,145,70,1682,351,144,207,275,252,278,236,490,184,0,153,428,0,296,2,26,733
"575",267,153,67,1785,370,144,226,277,259,285,238,494,180,0,147,428,0,125,2,43,500
"576",269,152,64,2049,380,146,234,279,279,291,237,397,136,0,141,336,1,102,4,44,150
"577",277,160,66,1873,390,149,241,286,272,297,249,549,195,0,147,472,0,147,2,17,150
"578",271,158,66,1851,382,145,237,280,265,291,242,515,187,0,149,445,0,138,2,31,150
"579",264,150,69,1620,358,143,215,275,255,279,238,538,208,0,154,472,1,126,2,26,625
"580",255,126,66,2053,336,146,190,277,244,278,228,325,121,0,151,285,0,256,2,28,140
"581",271,152,66,1690,375,147,228,276,268,287,244,598,215,0,148,514,0,160,2,12,385
"582",271,154,64,2055,385,147,238,278,282,293,239,409,141,0,141,347,1,110,4,43,250
"583",254,126,66,2018,335,146,189,276,243,277,228,334,124,0,154,292,0,262,3,30,650
"584",271,140,68,1444,362,157,205,277,267,284,248,665,249,0,148,571,0,178,2,5,500
"585",272,160,65,1918,390,145,245,276,271,293,242,507,174,0,141,426,0,36,2,34,500
"586",268,157,66,1884,378,143,235,276,262,287,238,485,175,0,147,419,0,133,2,50,1659
"587",272,157,64,2021,390,146,244,278,270,295,241,448,154,0,142,379,1,31,3,59,500
"588",254,128,69,1865,331,146,185,272,237,273,228,366,137,0,154,323,0,285,2,46,125
"589",275,160,66,1870,388,148,240,284,270,295,246,535,192,0,147,460,0,144,2,30,400
"590",274,161,67,1843,387,147,240,281,269,293,245,540,193,0,144,463,0,150,2,29,1400
"591",273,161,66,1833,389,147,242,278,271,293,245,555,190,0,142,471,0,37,2,38,300
"592",255,131,69,1865,334,145,189,273,238,273,228,380,144,0,154,334,0,226,2,41,300
"593",269,158,66,1878,380,143,237,276,263,288,239,496,180,0,146,428,0,136,2,43,171
"594",255,129,69,1758,332,146,186,271,239,272,230,391,146,0,155,346,0,227,2,46,433
"595",255,131,69,1865,334,145,189,273,238,273,228,380,144,0,154,334,0,226,2,41,40
"596",253,123,66,2082,333,147,186,276,240,277,227,337,126,0,151,296,0,266,2,26,200
"597",245,100,59,2425,320,153,167,275,222,277,220,286,108,0,155,246,0,232,1,5,667
"598",260,142,69,1768,347,144,203,274,248,276,232,434,163,0,147,372,1,264,3,43,250
"599",276,158,63,2033,397,149,248,279,276,300,246,480,155,0,137,399,1,33,3,35,375
"600",271,158,65,1948,388,145,243,277,268,292,241,465,162,0,144,394,0,32,2,43,300
"601",263,144,70,1626,348,145,203,275,243,278,237,531,209,0,153,467,1,330,1,24,500
"602",272,158,65,1952,388,145,243,277,269,293,241,467,162,0,145,396,0,32,1,46,125
"603",251,123,66,2037,330,146,184,274,227,274,225,351,133,0,154,310,0,278,0,43,100
"604",275,159,67,1828,384,148,236,284,269,293,246,549,201,0,149,474,0,140,2,22,367
"605",275,141,67,1415,370,160,210,278,274,288,252,694,247,0,144,585,0,53,2,21,563
"606",271,154,64,2055,385,147,238,278,282,293,239,409,141,0,141,347,1,110,4,45,200
"607",263,147,70,1621,352,144,208,275,253,279,238,537,210,0,154,471,1,333,2,23,500
"608",271,160,65,1896,388,144,244,277,269,291,241,536,189,0,144,454,0,37,2,41,360
"609",267,156,66,1876,378,143,235,275,262,287,237,475,171,0,147,410,0,131,2,53,200
"610",260,142,69,1768,347,144,203,274,248,276,232,434,163,0,147,372,1,264,3,43,300
"611",268,150,69,1619,364,147,217,277,260,283,242,570,217,0,152,498,0,139,2,10,444
"612",272,160,65,1857,389,145,244,276,271,293,244,546,187,0,142,459,0,39,2,38,1000
"613",275,159,67,1828,384,148,236,284,269,293,246,549,201,0,149,474,0,140,2,22,300
"614",284,157,62,2308,404,154,250,292,297,309,249,407,133,0,141,339,1,25,3,24,600
"615",271,133,68,1323,356,162,194,278,267,282,250,729,265,0,146,621,0,207,2,2,1000
"616",267,151,66,1918,373,145,228,276,259,286,236,419,149,0,147,358,1,109,3,56,33
"617",267,140,68,1587,354,150,204,276,259,281,241,598,228,0,152,521,0,148,2,15,350
"618",273,160,65,1852,390,146,244,277,271,293,244,550,189,0,143,464,0,39,2,38,600
"619",264,150,69,1669,359,142,217,275,256,280,238,540,209,0,152,474,0,127,1,24,500
"620",262,143,70,1582,348,145,203,274,242,277,237,512,198,0,154,450,1,315,1,30,400
"621",265,147,70,1605,355,145,210,275,266,280,239,559,218,0,154,491,0,131,2,19,30
"622",273,160,65,1898,391,146,245,277,272,295,244,532,182,0,141,446,0,39,2,27,400
"623",256,134,70,1844,336,145,191,273,240,274,229,386,145,0,150,336,1,229,3,44,165
"624",272,160,65,1857,389,145,244,276,271,293,244,546,187,0,142,459,0,39,2,38,63
"625",274,159,64,2018,395,147,248,277,275,299,244,503,163,0,140,416,0,37,3,55,75
"626",256,135,69,1896,337,144,193,274,249,275,228,372,140,0,150,326,0,220,2,41,88
"627",285,157,62,2254,406,155,251,292,282,310,251,420,138,0,137,350,1,27,3,15,250
"628",273,161,66,1841,388,146,242,278,270,292,244,550,192,0,145,468,0,36,2,40,1333
"629",273,161,66,1833,389,147,242,278,271,293,245,555,190,0,142,471,0,37,2,37,303
"630",274,158,66,1764,386,148,238,281,271,292,247,574,197,0,145,490,0,161,2,24,225
"631",273,160,65,1898,391,146,245,277,272,295,244,532,182,0,141,446,0,39,2,27,200
"632",262,144,70,1613,349,145,204,274,243,277,237,495,189,0,152,435,0,302,1,33,250
"633",274,161,66,1893,389,146,243,281,270,294,244,544,192,0,144,465,0,153,2,32,490
"634",274,135,67,1301,366,165,201,277,274,286,253,739,267,0,144,623,0,56,2,22,300
"635",252,125,69,1862,328,147,181,272,235,272,227,370,139,0,157,328,0,292,2,49,3500
"636",271,133,68,1323,356,162,194,278,267,282,250,729,265,0,146,621,0,207,2,3,110
"637",273,161,66,1830,388,146,242,279,269,292,244,551,192,0,145,469,0,36,2,39,340
"638",275,159,64,2009,395,147,248,278,275,299,245,476,156,0,141,397,0,32,3,34,0
"639",252,124,68,1843,328,147,181,271,235,272,228,370,139,0,157,328,0,292,2,50,350
"640",269,149,67,1685,368,147,221,277,264,286,242,599,222,0,151,519,0,153,2,6,308
"641",277,160,67,1841,387,149,238,286,272,295,248,550,198,0,149,474,0,144,2,13,300
"642",263,144,70,1642,350,145,205,275,242,278,237,487,184,0,153,427,0,296,1,23,384
"643",255,129,68,1762,334,147,187,272,240,273,230,398,148,0,152,351,0,232,2,42,100
"644",265,151,69,1634,360,143,217,276,256,280,239,549,213,0,155,483,0,129,1,18,240
"645",270,129,68,1241,353,164,189,277,266,280,250,758,277,0,145,646,0,217,2,9,800
"646",258,139,70,1814,341,144,197,274,245,276,230,420,158,0,147,362,1,254,3,42,833
"647",259,140,70,1836,343,144,199,275,245,277,231,386,143,0,149,334,1,226,3,50,333
"648",268,155,68,1716,370,143,227,278,261,285,241,560,212,0,152,489,0,136,2,19,0
"649",274,161,66,1865,388,146,242,281,269,293,245,539,192,0,147,462,0,149,2,27,3500
"650",258,139,70,1814,341,144,197,274,245,276,230,420,158,0,147,362,1,254,3,46,500
"651",269,156,68,1763,373,145,228,279,262,287,242,544,201,0,148,469,1,135,3,30,150
"652",272,155,64,2079,388,148,240,280,267,295,240,413,142,0,143,351,1,113,3,33,0
"653",271,158,65,1981,387,145,242,277,267,292,240,460,160,0,143,390,0,32,2,53,313
"654",253,123,66,2082,333,147,186,276,240,277,227,337,126,0,151,296,0,266,2,26,400
"655",275,160,65,1824,391,147,244,280,274,295,247,564,188,0,140,475,1,39,3,32,400
"656",272,161,66,1868,388,145,243,278,270,292,243,545,191,0,143,462,0,37,2,36,1500
"657",276,160,66,1843,389,148,241,284,272,295,248,551,192,0,147,472,0,152,2,25,750
"658",269,149,67,1685,368,147,221,277,264,286,242,599,222,0,151,519,0,153,2,6,200
"659",265,151,68,1688,362,143,219,276,256,281,238,515,191,0,151,446,1,122,3,41,606
"660",270,159,66,1908,383,143,240,277,265,290,239,512,188,0,148,442,0,140,2,35,333
"661",269,160,65,1910,385,142,243,276,249,290,239,534,198,0,147,459,0,148,1,27,150
"662",265,147,69,1602,356,145,211,276,267,280,240,560,218,0,154,491,0,132,2,20,300
"663",271,136,68,1333,359,161,198,277,268,283,250,707,254,0,146,600,0,202,2,24,1000
"664",255,131,69,1865,334,145,189,273,238,273,228,380,144,0,154,334,0,226,2,41,48
"665",262,143,70,1658,348,145,203,275,242,278,236,483,183,0,152,424,0,294,1,29,94
"666",255,131,69,1865,334,145,189,273,238,273,228,380,144,0,154,334,0,226,2,41,0
"667",274,140,67,1368,368,161,207,278,273,287,252,709,252,0,142,597,0,55,2,22,1000
"668",263,146,70,1631,351,143,208,275,243,278,237,524,204,0,155,461,1,324,1,29,83
"669",252,124,68,1853,328,147,181,271,234,272,227,364,137,0,154,322,0,287,2,50,400
"670",271,160,65,1875,387,143,244,277,267,290,241,539,194,0,146,459,0,152,2,31,233
"671",277,160,66,1873,390,149,241,286,272,297,249,549,195,0,147,472,0,147,2,17,800
"672",271,152,66,1690,375,147,228,276,268,287,244,598,215,0,148,514,0,160,2,12,308
"673",261,142,68,1901,350,143,207,275,260,278,231,383,139,0,150,329,1,224,4,53,200
"674",272,158,67,1820,381,146,235,282,266,291,244,538,197,0,149,464,0,138,2,29,600
"675",268,155,68,1684,369,144,225,278,261,285,242,561,212,0,152,490,0,137,2,21,0
"676",274,142,66,1459,371,159,212,278,273,288,251,690,245,0,143,581,0,53,2,26,500
"677",262,146,70,1611,350,144,206,275,243,278,237,527,206,0,156,464,1,327,1,26,300
"678",273,158,67,1787,380,146,234,282,267,290,245,562,206,0,150,486,0,143,2,26,275
"679",272,160,65,1916,389,145,244,276,270,293,242,511,176,0,142,430,0,36,2,37,400
"680",272,160,65,1857,389,145,244,276,271,293,244,546,187,0,142,459,0,39,2,39,360
"681",273,160,65,1900,391,146,245,277,271,295,244,532,182,0,141,446,0,39,2,26,400
"682",269,158,66,1861,380,144,236,276,263,288,239,497,180,0,147,429,0,136,2,41,240
"683",271,158,65,1981,387,145,242,277,267,292,240,460,160,0,143,390,0,32,2,53,318
"684",273,161,66,1830,388,146,242,279,269,292,244,551,192,0,145,469,0,36,2,35,167
"685",271,155,64,2002,386,147,239,277,250,292,240,436,153,0,143,370,1,31,2,51,104
"686",274,160,65,1802,390,147,243,278,274,295,247,570,189,0,141,479,0,41,2,40,250
"687",268,151,65,1978,375,145,230,277,276,288,236,408,143,0,142,347,1,105,4,54,100
"688",284,157,63,2177,403,156,247,291,261,307,251,420,139,0,138,350,2,27,3,33,0
"689",272,158,67,1796,379,146,233,281,266,290,244,558,206,0,149,483,0,140,2,23,500
"690",265,152,69,1632,361,143,218,276,256,280,239,538,206,0,154,471,0,127,2,21,400
"691",266,152,68,1746,364,143,221,276,257,283,238,524,195,0,150,454,1,125,3,42,242
"692",272,160,66,1876,386,146,240,280,267,292,243,525,191,0,148,453,0,144,2,18,80
"693",267,152,66,1938,374,144,230,276,260,286,236,420,149,0,143,358,1,110,3,55,2742
"694",272,161,66,1867,388,145,243,278,270,292,243,545,191,0,143,462,0,37,2,35,225
"695",274,158,67,1757,383,148,235,282,269,292,247,568,203,0,147,489,0,151,2,14,333
"696",276,159,64,2023,396,148,248,279,276,300,245,478,155,0,140,397,1,33,3,35,167
"697",275,161,66,1825,390,148,242,280,272,294,246,555,188,0,142,471,1,36,3,31,390
"698",281,157,63,2173,400,154,246,288,294,304,248,415,138,0,141,347,1,26,4,35,88
"699",284,157,63,2253,404,155,249,292,297,309,250,413,136,0,139,344,1,26,3,17,94
"700",274,161,67,1843,387,147,240,281,269,293,245,540,193,0,144,463,0,150,2,29,1913
"701",265,150,68,1738,362,144,218,276,256,282,238,489,178,0,150,423,1,117,3,33,200
"702",269,127,68,1206,350,165,185,276,264,278,250,778,287,0,147,664,0,507,2,7,900
"703",273,161,66,1830,388,146,242,279,269,292,244,551,192,0,145,469,0,36,2,39,605
"704",272,160,65,1926,390,145,245,277,270,293,242,525,182,0,143,443,0,37,2,31,375
"705",283,157,62,2189,404,154,250,289,280,308,250,429,141,0,141,358,1,28,3,48,100
"706",274,147,67,1510,374,155,219,278,272,289,250,630,229,0,147,539,0,43,2,9,700
"707",252,124,68,1861,328,147,181,271,234,272,227,367,138,0,156,325,0,290,2,48,600
"708",255,129,68,1762,334,147,187,272,240,273,230,398,148,0,152,351,0,232,2,42,60
"709",262,144,70,1597,348,144,204,274,242,277,237,527,207,0,156,464,1,327,1,26,500
"710",267,154,67,1833,373,144,229,276,260,286,238,466,168,0,149,405,0,125,2,39,125
"711",279,157,63,2181,399,151,248,286,293,303,246,410,134,0,138,341,1,25,4,30,500
"712",270,157,67,1831,378,145,233,279,263,288,240,507,184,0,147,438,0,134,2,46,650
"713",264,148,70,1624,355,144,211,275,255,279,238,547,214,0,154,480,1,127,2,18,600
"714",270,158,67,1844,379,144,235,279,264,289,241,509,185,0,147,440,0,135,2,41,433
"715",271,160,66,1878,384,145,239,279,266,291,241,525,193,0,148,453,0,144,2,20,450
"716",271,158,66,1851,382,145,237,280,265,291,242,515,187,0,149,445,0,138,2,31,133
"717",274,158,67,1757,383,148,235,282,269,292,247,568,203,0,147,489,0,151,2,14,200
"718",262,146,70,1637,351,144,207,274,251,278,237,513,196,0,153,449,0,314,2,41,267
"719",273,136,68,1315,362,162,200,277,271,285,252,718,257,0,145,606,0,209,2,25,400
"720",252,124,68,1853,328,147,181,271,234,272,227,364,137,0,154,322,0,287,2,48,150
"721",276,159,66,1777,388,149,239,283,272,294,248,559,192,0,145,478,0,157,2,21,188
"722",250,119,66,1987,326,147,179,271,230,272,225,356,135,0,157,315,0,284,2,44,300
"723",273,161,66,1837,389,146,243,278,271,293,245,552,191,0,142,468,0,37,2,34,400
"724",275,159,66,1793,387,148,239,282,272,294,247,566,194,0,143,483,0,159,2,25,125
"725",275,160,66,1874,388,148,240,283,271,295,246,537,192,0,147,462,0,145,2,22,467
"726",255,129,69,1758,332,146,186,271,239,272,230,391,146,0,155,346,0,227,2,46,10500
"727",267,156,66,1896,377,143,234,275,261,286,237,466,167,0,147,401,0,129,2,51,300
"728",266,153,69,1664,363,143,220,276,257,282,239,540,206,0,151,472,0,128,2,25,1200
"729",262,143,70,1582,348,145,203,274,242,277,237,512,198,0,154,450,1,315,1,30,500
"730",272,160,66,1892,386,145,241,280,267,292,242,530,192,0,145,456,0,145,2,23,1500
"731",262,143,70,1658,348,145,203,275,242,278,236,483,183,0,152,424,0,294,1,25,139
"732",270,131,68,1243,356,164,192,276,268,280,250,751,274,0,145,637,0,218,2,45,450
"733",273,154,66,1696,379,149,230,279,270,290,246,593,207,0,145,506,0,163,2,16,250
"734",260,142,69,1768,347,144,203,274,248,276,232,434,163,0,147,372,1,264,3,43,320
"735",263,144,70,1626,348,145,203,275,243,278,237,531,209,0,153,467,1,330,1,25,200
"736",272,161,65,1866,389,145,244,279,270,292,243,548,192,0,144,465,0,37,2,34,600
"737",253,123,66,2082,333,147,186,276,240,277,227,337,126,0,151,296,0,266,2,26,250
"738",260,141,70,1589,344,145,199,273,241,276,236,491,189,0,156,434,0,301,0,39,250
"739",266,153,68,1693,364,142,222,277,257,282,239,542,207,0,151,474,0,128,2,25,688
"740",275,158,66,1809,385,148,237,283,270,293,246,563,200,0,148,484,0,151,2,20,333
"741",268,155,68,1684,369,144,225,278,261,285,242,561,212,0,152,490,0,137,2,22,0
"742",262,146,70,1643,351,144,207,274,242,278,237,514,198,0,155,452,0,317,0,39,67
"743",258,135,69,1906,340,145,195,276,251,277,230,348,127,0,148,302,0,270,3,30,190
"744",272,156,64,2016,389,147,242,279,269,294,241,437,152,0,143,371,1,30,3,51,300
"745",269,158,66,1874,380,144,236,277,264,289,240,501,182,0,148,433,0,137,2,36,400
"746",267,151,66,1918,373,145,228,276,259,286,236,419,149,0,147,358,1,109,3,57,7000
"747",269,151,68,1681,367,146,221,278,262,285,242,573,216,0,152,500,0,142,2,14,300
"748",268,156,68,1696,371,143,228,278,261,285,241,558,211,0,152,487,0,135,2,27,500
"749",272,156,64,2016,389,147,242,279,269,294,241,437,152,0,143,371,1,30,3,50,300
"750",267,154,67,1834,373,144,229,276,260,286,238,469,169,0,146,406,0,126,2,39,300
"751",252,125,67,1999,332,146,186,274,228,275,226,355,134,0,155,313,0,280,0,40,346
"752",271,154,66,1731,377,147,230,278,268,288,244,590,209,0,145,506,0,160,2,20,250
"753",252,125,69,1862,328,147,181,272,235,272,227,370,139,0,157,328,0,292,2,49,600
"754",272,161,65,1890,389,145,244,278,270,293,243,542,189,0,142,458,0,38,2,37,233
"755",266,155,69,1703,366,142,224,277,258,283,239,547,208,0,152,478,0,130,2,25,240
"756",277,160,66,1873,390,149,241,286,272,297,249,549,195,0,147,472,0,147,2,17,225
"757",263,147,70,1608,352,144,208,275,243,279,238,530,207,0,153,466,1,329,1,22,303
"758",275,158,66,1741,386,149,237,281,271,292,247,574,197,0,145,490,0,161,2,23,360
"759",265,150,69,1679,361,144,217,276,255,281,238,515,191,0,151,446,1,122,3,43,250
"760",265,147,69,1616,356,145,211,275,267,280,239,560,218,0,154,491,0,132,2,21,25
"761",275,145,67,1504,372,157,215,279,272,289,251,642,232,0,146,548,0,180,2,11,640
"762",265,153,69,1655,363,142,221,276,257,281,239,542,207,0,151,474,0,128,2,22,300
"763",258,139,69,1880,342,143,199,274,243,276,230,392,146,0,151,340,1,231,3,57,225
"764",268,155,67,1816,374,144,230,278,262,287,239,494,179,0,147,427,0,129,2,37,650
"765",272,159,66,1885,384,146,238,281,267,292,243,519,189,0,146,448,0,141,2,19,100
"766",273,136,68,1315,362,162,200,277,271,285,252,718,257,0,145,606,0,209,2,25,1000
"767",275,159,67,1828,384,148,236,284,269,293,246,549,201,0,149,474,0,140,2,22,500
"768",256,134,70,1844,336,145,191,273,240,274,229,386,145,0,150,336,1,229,3,43,200
"769",251,123,66,2037,330,146,184,274,227,274,225,351,133,0,154,310,0,278,0,43,60
"770",276,159,67,1812,385,148,237,284,270,294,248,552,201,0,147,477,0,142,2,17,233
"771",265,150,68,1738,362,144,218,276,256,282,238,489,178,0,150,423,1,117,3,32,500
"772",268,150,68,1661,365,146,219,278,261,284,241,571,217,0,152,499,0,140,2,11,500
"773",273,160,65,1900,391,146,245,277,271,295,244,532,182,0,141,446,0,39,2,26,400
"774",274,161,65,1823,390,146,244,278,272,294,246,557,190,0,142,471,0,38,2,39,233
"775",251,121,67,1963,327,147,180,272,232,273,225,358,135,0,157,316,0,283,2,43,100
"776",275,160,66,1783,388,148,240,282,272,293,248,564,193,0,143,481,0,36,2,27,600
"777",256,134,70,1844,336,145,191,273,240,274,229,386,145,0,150,336,1,229,3,43,100
"778",263,144,70,1642,350,145,205,275,242,278,237,487,184,0,153,427,0,296,1,23,96
"779",272,155,67,1729,378,147,231,279,267,289,244,584,209,0,147,502,0,155,2,10,400
"780",265,153,69,1655,363,142,221,276,257,281,239,542,207,0,151,474,0,128,2,23,200
"781",256,135,69,1896,337,144,193,274,249,275,228,372,140,0,150,326,0,220,2,43,180
"782",284,157,63,2147,403,157,246,291,296,307,251,417,139,0,142,349,1,26,3,13,150
"783",276,160,66,1864,388,149,239,285,270,295,247,535,193,0,147,461,0,142,2,23,188
"784",275,159,67,1798,385,149,236,284,270,294,247,556,201,0,147,480,0,145,2,20,75
"785",268,159,65,1941,383,142,241,276,264,289,238,501,182,0,147,430,0,139,2,43,300
"786",275,160,65,1808,391,148,243,278,275,295,247,570,189,0,141,479,0,41,2,37,44
"787",273,160,65,1898,391,146,245,277,272,295,244,532,182,0,141,446,0,39,2,27,400
"788",273,154,66,1696,379,149,230,279,270,290,246,593,207,0,145,506,0,163,2,11,60
"789",256,133,70,1794,335,145,190,273,241,273,229,383,144,0,155,337,0,228,2,44,750
"790",252,125,69,1862,328,147,181,272,235,272,227,370,139,0,157,328,0,292,2,49,300
"791",271,130,68,1175,356,166,190,277,268,280,252,755,277,0,146,642,0,219,2,30,1000
"792",258,135,69,1906,340,145,195,276,251,277,230,348,127,0,148,302,0,270,3,30,3571
"793",277,160,67,1841,387,149,238,286,272,295,248,550,198,0,149,474,0,144,2,13,400
"794",263,146,70,1631,351,143,208,275,243,278,237,524,204,0,155,461,1,324,1,29,45
"795",272,145,67,1534,368,154,214,278,269,286,247,635,236,0,149,546,0,169,2,4,500
"796",266,152,68,1746,364,143,221,276,257,283,238,524,195,0,150,454,1,125,3,41,167
"797",263,146,69,1661,352,143,209,275,242,278,237,517,199,0,152,454,1,318,1,39,267
"798",273,158,67,1738,380,147,233,282,267,290,245,562,206,0,150,486,0,143,2,24,300
"799",268,156,68,1696,371,143,228,278,261,285,241,558,211,0,152,487,0,135,2,28,1000
"800",261,142,68,1901,350,143,207,275,260,278,231,383,139,0,150,329,1,224,4,53,250
"801",270,153,67,1681,374,147,227,277,266,287,243,597,216,0,148,514,0,158,2,11,1000
"802",268,157,66,1884,378,143,235,276,262,287,238,485,175,0,147,419,0,133,2,45,300
"803",273,141,67,1429,368,158,210,278,271,286,250,671,241,0,146,571,0,48,2,20,350
"804",274,142,66,1459,371,159,212,278,273,288,251,690,245,0,143,581,0,53,2,23,500
"805",272,159,66,1885,384,146,238,281,267,292,243,519,189,0,146,448,0,141,2,19,208
"806",270,157,67,1831,378,145,233,279,263,288,240,507,184,0,147,438,0,134,2,46,214
"807",267,157,66,1898,378,142,236,275,261,287,237,479,172,0,148,413,0,132,2,53,100
"808",265,151,69,1645,359,143,216,276,256,280,239,543,211,0,153,478,0,127,1,21,583
"809",272,135,68,1300,360,162,198,278,270,283,251,722,259,0,143,611,0,209,2,23,280
"810",272,133,67,1247,360,164,196,277,270,282,252,741,269,0,145,627,0,217,2,29,500
"811",265,150,68,1738,362,144,218,276,256,282,238,489,178,0,150,423,1,117,3,32,133
"812",274,140,67,1368,368,161,207,278,273,287,252,709,252,0,142,597,0,55,2,22,500
"813",286,157,61,2368,409,154,255,291,283,313,250,435,143,0,138,362,1,29,2,18,600
"814",263,148,69,1645,355,143,212,275,253,279,238,537,209,0,154,471,1,125,2,21,556
"815",270,152,67,1672,371,147,224,278,264,286,243,587,217,0,151,509,0,150,2,9,50
"816",273,161,66,1837,389,146,243,278,271,293,245,552,191,0,142,468,0,37,2,35,1000
"817",274,161,65,1823,390,146,244,278,272,294,246,557,190,0,142,471,0,38,2,35,400
"818",272,160,66,1871,385,146,239,280,267,292,243,521,190,0,147,450,0,142,2,16,436
"819",263,148,69,1645,355,143,212,275,253,279,238,537,209,0,154,471,1,125,2,21,750
"820",275,160,65,1819,391,147,244,279,274,295,247,567,189,0,141,478,1,39,3,33,504
"821",274,159,67,1801,382,147,235,283,268,292,246,553,203,0,147,478,0,140,2,24,117
"822",272,160,66,1876,386,146,240,280,267,292,243,525,191,0,148,453,0,144,2,18,600
"823",271,160,66,1903,386,144,242,278,266,291,240,539,198,0,147,461,0,150,2,19,300
"824",270,159,65,1930,386,143,243,276,266,290,239,495,176,0,144,422,0,33,2,45,250
"825",273,146,67,1547,371,154,217,279,270,288,248,632,232,0,148,542,0,171,2,6,2500
"826",270,127,68,1208,351,165,186,277,264,279,251,775,286,0,146,661,0,505,2,11,500
"827",272,155,64,2079,388,148,240,280,267,295,240,413,142,0,143,351,1,113,3,37,0
"828",254,128,69,1865,331,146,185,272,237,273,228,366,137,0,154,323,0,285,2,44,133
"829",273,161,66,1824,389,146,243,278,271,293,245,554,190,0,142,469,0,38,2,39,600
"830",265,147,69,1602,356,145,211,276,267,280,240,560,218,0,154,491,0,132,2,20,0
"831",267,143,68,1624,358,148,210,277,260,282,241,583,222,0,152,509,0,144,2,9,200
"832",271,154,64,2055,385,147,238,278,282,293,239,409,141,0,141,347,1,110,4,40,63
"833",272,141,68,1428,363,157,206,277,268,285,248,663,248,0,147,569,0,178,2,15,250
"834",277,160,66,1852,390,149,241,286,272,296,248,547,194,0,147,470,0,147,2,14,550
"835",254,128,69,1778,332,147,185,272,238,272,229,381,143,0,156,337,0,222,2,45,300
"836",273,158,67,1738,380,147,233,282,267,290,245,562,206,0,150,486,0,143,2,24,650
"837",258,135,69,1906,340,145,195,276,251,277,230,348,127,0,148,302,0,270,3,30,117
"838",262,144,70,1598,349,144,205,274,242,277,237,521,203,0,154,459,1,322,1,38,300
"839",284,157,63,2177,403,156,247,291,261,307,251,420,139,0,138,350,2,27,3,33,50
"840",272,160,65,1916,389,145,244,276,270,293,242,511,176,0,142,430,0,36,2,37,300
"841",277,159,66,1844,388,150,238,286,271,296,248,551,198,0,149,475,0,145,2,10,200
"842",253,127,67,1937,332,145,187,273,235,274,227,368,139,0,155,324,0,288,1,37,250
"843",253,127,69,1817,331,147,184,272,237,272,228,367,137,0,154,324,0,324,2,41,100
"844",272,160,65,1918,390,145,245,276,271,293,242,507,174,0,141,426,0,36,2,36,300
"845",275,161,66,1825,390,148,242,280,272,294,246,555,188,0,142,471,1,36,3,31,667
"846",274,139,66,1437,368,160,208,278,273,287,251,715,255,0,143,602,0,55,2,19,600
"847",267,154,67,1834,373,144,229,276,260,286,238,469,169,0,146,406,0,126,2,42,125
